4 8 3 6 13 14 30 24 4 16 2 3 27 9 6 17 7 29 28 23 15 5 12 22 3 8 9 19 21 30 2 13 3 15 10 13 26 7 25 6 24 28 16 28 14 16 24 7 17 5 6 2 23 11 14 25 4 6 18 30 26 3 21 22 16 8 10 4 13 10 7 30 3 28 30 5 26 1 30 11 3 13 3 10 10 16 19 3 23 19 14 1 1 7 19 5 8 24 22 6 29 13 2 28 12
19173 L
15 10 28 1 22 17 10 22 2 17 17 18 17 5 18 19 18 9 18 25 15 24 16 21 22 20 8 10 2 27 21 18 29 10 26 4 7 16 2 25 13 19 18 20 2 14 30 13 19 1
4295 N
8 30 21 25 11 25 17 17 14 17 19 20 15 4 7 12 12 13 13 19 10 24 17 25 19 26 28 2 16 23 16 14 3 13 5 22 19 14 21 2 6 17 20 26 3 19 1 8 13 4 17 8 2 3 24 30 28 4 3 29 16 23 29
7380 L
23 3 20 19 16 24 9 5 24 3 9 13 4 11 4 26 14 24 12 2 17 29 14 24 23 15 8 27 3 19 5 24 29 24 4 14 8 23 14 9 3 10 15 28
1845 N
9 7 18 3 7 6 15 15 1 21 25 25 11 20 29 26 2 30 16 28 2 7 17 8 27 4 18 21 5 24 17 17 15 24 17 15 12 28 8 30 12 27 11 30 21 29 29 21 20 3 7 4 20 14 10 12 6 26 16 10 1 3 7 28 7
3367 N
12 5 2 20 13 28 16 3 22 29 29 22 5 14 4 2 16 27 25 10 22 18 29 4 16 5 16 12 12 30 14 22 17 11 11 7 4 5 2 19 10 14 19 4 13 20 7 22 27 15 24 17 20 10 24 11 18 22 30 9 25 4 11 19 29 5 25 9 6 6 4 16 25 14 26 20 20 22 15 16 23 18 4 20 15 24 26 15 11 30 26 6 12 27 8 2 1 23 10 17 22 18 16 16 26
27051 L
7 27 2 20 24 30 13 16 9 22 22 24 14 18 15 24 9 22 13 16 28 9 18 11 17 20 19 6 14 4 14 30 5 24 29 23 3 8 26 2 9 26 8 20 20 26
4608 L
8 11 11 4 10 13 30 9 3 4 14 25 29 18 21 3 13 17 5 26 26 25 12 21 19 15 2 19 8 14 15 5 2 8 20 15 10 5 7 10 13 24 9 11 18 12 3 23 6 5 14 20 28 3 7 30 16 9 12 28 4 22 10 18 28 7 1 28 17 30 10 16 13 12 12 7 8 18 7 5 16 24 9 7 6 14 10 10 17 21 14 21 20 29 14 24 14 4 15 6 18 18 16 7
29965 L
17 3 26 2 12 20 26 23 1 5 18 30 12 7 25 21 28 6 21 1 27 5 16 6 11 27 24 23 27 14 8 10 3 7 16 17 13 19 11 16 25 9 15 8 7 22 14 16 22 2 12 2 12 14 15 5 29 18 28 21 17 8 29 26 14 28 18 9 30
15693 L
5 18 24 18 27 13 9 27 11 15 19 30 4 14 28 9 17 20 19 7 5 13 23 9 5 27 25 26 8 23 9 30 20 23 3 21 1 25 25 23
5641 L
16 29 28 18 13 27 21 21 28 12 1 18 7 24 25 11 23 26 30 16 13 29 24 15 24 25 3 25 2 3 24 16 29 3 8 26 14 29 17 27 4 13 9 17 18 1 11 3 3 11 8 6 21 14 21 2 22 7 28 20 20 6 12 29 1 11 26 29 2 8 23 15 24 8 14 12 20 27 5 1 7 12 14 9 2 13 11 9 24 4 30 21
25732 N
23 29 10 9 20 18 17 14 24 15 29 8 24 22 18 6 6 20 22 5 12 21 8 20 26 24 13 5 3 18
2634 L
4 2 7 14 16 4 5 29 20 1 4 27 24 11 19 20 26 8 30
551 L
26 17 13 27 30 11 15 2 6 5 11 10 2 26 18 25 19 16 8 1 13 30 3
409 L
12 1 29 5 2 4 6 18 21 8 24 12 20 14 2 4 9 3 8 11 26 20 11 27 28 5 19 9 14 7 21 15 15 13 29 20 30 4 30 1 24 18 12 19 7 21 20 7 16 5 22 1 2 8 16 12 2 18 25 3 6 15 1 27 24 8 23 29 16
2600 N
24 19 15 4 14 27 8 28 3 22 1 3 1 30 21 11 13 3 16 5 10 11 9 11 2 24 11 1 47 8 29 1 11 23 10 8 19 13 27 23 25 4 7 13 18 26 8 26 2 20 26 2 5 14 24 23 12 23 9 18 9 17 14 4 12 11 9 1 7 3 6 7 25 21 8 22 26 23 23 14 9 4 15 17 23 25 28 12 27 22 28 12 26 9 21 15 9 10 20 1 15 15 17 26 2 25
17945 L
28 21 2 7 17 25 11 8 13 1 24 2 4 1 16 27 26 19 13 26 8 9 10 16 13 18 30 1 23 8 13 15 13 9 16 9 26 25 18 26 15 29 16 22 21 25 20 1
4532 N
8 12 11 18 19 23 27 10 19 7 12 26 16 1 27 9 7 13 8 15 17 17 14 17 8 1 24 9 18 18 5 28 28 19 30 25 12 19 4 9 10 30 29 7 8 26 8 14 18 29 15 6 28 3 9 3 7 4 8 29 16 30 22 16 14 13 6 24
8980 L
22 4 27 21 28 19 14 18 28 23 29 20 20 20 24 11 3 16 24 14 20 22 29 8 30 5 18 28 27 29 28 16 6 26 20 17 27 23 12 30 24 26 21 12 14 7 6 6 7 13 4 24 26 18 29 24 30 25 15 2 20 28 19 25 13 29 2 6 16 17 2 16 3 15 18 1 30 23 4 15 29 27 21 24 13 3
2289 N